   3.4365391717820470e-01   7.1602694543142734e-02   9.1785619537119965e-03   3.7335497718144361e-01   5.5788848453272200e-02   1.4759677921776304e-01   1.4958850689789935e+00   1.3288866461947197e+00   2.3280938802266959e-01   2.9678393395786340e-01   1.6255816471529802e-01   5.5624357788173651e-01
   1.9395238999949560e-01   7.4105195968126605e-02   4.1483473732910975e-02   2.4178129844261656e-01   5.4028915149030500e-02   4.5628153785361392e-02   9.2519916912745381e-01   1.9488157477915951e+00   1.1912696040580432e-01   1.1085739194643517e-01   7.3622731320435425e-02   1.1502139176260927e-01
   3.8209997617288674e-02   1.6696444738395955e-01   4.1244566720291420e-01   6.1271799452283365e-02   1.5090167022452061e-01   6.0869461013415924e-04   5.2958039736916859e-02   2.4765284693062448e-01   2.5333088093980702e-02   3.7123626123293555e-03   1.3622527652362479e-02   6.6238591861657694e-07
   8.1614791541074694e-01   9.5711100349824785e-01   9.5454806509933132e-01   7.9954338757551269e-01   9.4231130498165194e-01   8.7293426499914573e-01   7.8036945968223759e-01   8.7400900471701559e-01   8.3495603383350669e-01   0.0000000000000000e+00   0.0000000000000000e+00   0.0000000000000000e+00
   7.3223147687642501e-02   2.1623935106061878e-02   3.0557251499240413e-02   8.6933988756363573e-02   2.4656034703973852e-02   3.0181283079324068e-02   5.9032416099028526e-02   1.1330054424082378e-01   2.2465602185118030e-02   0.0000000000000000e+00   0.0000000000000000e+00   0.0000000000000000e+00
   3.7433503116941734e-29   0.0000000000000000e+00  1.6235808851681980e-214   1.8381501160732959e-20  6.9989339389870985e-320  3.0647063033447137e-184   3.3929286025283985e-40   6.0930941090981961e-15  1.2101611533059268e-302   0.0000000000000000e+00   0.0000000000000000e+00   0.0000000000000000e+00
   3.4682470129243181e-01   8.6292743352886420e-02   1.5011293938094419e-01   2.7785764777950939e-01   4.9882673339124856e-02  -1.3867590600196732e-02   9.3557224664282645e-01   3.3735140921343876e-01   1.0582320031770729e+00   0.0000000000000000e+00   0.0000000000000000e+00   0.0000000000000000e+00
   1.5034289066624876e-01   2.2589011455166896e-02   2.9737881834200626e-02   1.3983865418470232e-01   5.6263563049512029e-02   1.1482566980841111e-01   1.2618532766198229e+00   9.5277803490466773e-02   1.0983163017110442e+00   0.0000000000000000e+00   0.0000000000000000e+00   0.0000000000000000e+00
   1.0530441296044529e-02   6.6693274534634494e-05   2.2338235521577545e-07   2.3461895040204503e-02   1.8765002662644176e-01   4.5193628054448559e-01   2.2921725152505074e-01   1.9952328472190749e-04   1.6764736240507705e-01   0.0000000000000000e+00   0.0000000000000000e+00   0.0000000000000000e+00
   0.0000000000000000e+00   0.0000000000000000e+00   0.0000000000000000e+00   4.5694604704954178e-01   2.5123651427256388e-01   4.9692567272117438e-01   0.0000000000000000e+00   0.0000000000000000e+00   0.0000000000000000e+00   0.0000000000000000e+00   0.0000000000000000e+00   0.0000000000000000e+00
   0.0000000000000000e+00   0.0000000000000000e+00   0.0000000000000000e+00   1.7865308198880481e-01   8.4832328669231738e-02   1.3415206135452126e-01   0.0000000000000000e+00   0.0000000000000000e+00   0.0000000000000000e+00   0.0000000000000000e+00   0.0000000000000000e+00   0.0000000000000000e+00
   0.0000000000000000e+00   0.0000000000000000e+00   0.0000000000000000e+00   5.2679184499858263e-03   1.5303959525111495e-03   1.0603067732101748e-04   0.0000000000000000e+00   0.0000000000000000e+00   0.0000000000000000e+00   0.0000000000000000e+00   0.0000000000000000e+00   0.0000000000000000e+00
   1.7048462754134476e+02   1.8264846044191302e+02   1.0781521889470287e+02   1.6921656605645910e+02   1.7940207148248172e+02   1.0582500506799971e+02   1.7098635379358046e+02   1.8343148263561670e+02   1.0834378067759035e+02   1.7960694619681129e+02   1.9219982298129577e+02   1.1742277961870327e+02
   1.0027662517289073e+00   1.0027662517289073e+00   1.0027662517289073e+00   9.6818810511756570e-01   9.6818810511756570e-01   1.0719225449515906e+00   1.0373443983402488e+00   1.0027662517289073e+00   1.0027662517289073e+00   9.6818810511756570e-01   1.2448132780082988e+00   9.3360995850622408e-01
   1.0000000000000000e+00   1.6000000000000001e+00   1.2000000000000000e+00   1.4000000000000001e+00   1.6000000000000001e+00   1.6000000000000001e+00   1.2000000000000000e+00   1.6000000000000001e+00   1.7999999999999998e+00   1.7999999999999998e+00   1.6000000000000001e+00   1.2000000000000000e+00
   6.6423783991812657e-01   5.4753371959775143e-02   7.1519967554987995e-01   5.9579055622631905e-01   7.1713869543810438e-01   6.0466695963548722e-01   6.3351580083145154e-01   5.8042876276871147e-01   7.4857362799218374e-01   1.1705277361907296e-02   1.4521854244664567e-06   1.6974613967239649e-01
   7.9746538959032964e-01   3.4234048870552369e-02   1.2139601926555055e-02   9.4321686792311610e-01   4.3114873232024564e-02   4.7560594070169437e-02   9.3052484622783871e-01   3.4993158680462044e-02   3.0864394011701712e-02   1.7175546504807349e-03   9.4687264887505229e-04   3.4659747216054804e-03
