   1.5817424393212973e-01   2.3942114961618938e-02   8.3782386296064309e-03   7.5991139481552561e-02   9.5338508677604655e-02   3.7805081389112899e-02   3.3358711316740541e-01   5.3873409396951089e-01   2.6211057754490730e-02   2.8705149451295325e-01   3.9691840802056083e-01   3.6998147924948049e-01
   1.0731301036483545e-01   2.1195598187921834e-02   7.9247320991456868e-03   2.4856496398250189e-02   5.3221370574262968e-02   1.3540651098386113e-02   1.0387652660723597e-01   1.5685862567314290e-01   9.9852125277357182e-03   5.0556163644813086e-02   8.1204426689517523e-02   7.6731502564653137e-02
   7.0247235539245306e-02   1.2932670907748961e-01   1.4520406093493332e-01   1.1170969563699493e-03   3.6617961141324186e-02   2.6194167838461575e-03   6.6049313763861216e-04   2.9680208476192256e-04   4.3326078201501922e-03   6.8189811313701087e-09   5.0960896501063511e-07   7.1145804752234696e-07
   8.8566144840868510e-01   9.3207801426632575e-01   9.5647353176107419e-01   9.3262114094000825e-01   8.8923100190358395e-01   9.0250535876007731e-01   9.0418387112085719e-01   8.2592003856100016e-01   9.2868126956904251e-01   0.0000000000000000e+00   0.0000000000000000e+00   0.0000000000000000e+00
   4.6921571768525204e-02   1.5847794113586198e-02   2.5868164433956616e-02   1.9425101096628167e-02   3.8486451572738660e-02   1.4383134398433374e-02   1.3435538771421606e-02   2.9426006589318311e-02   6.1249051550372460e-03   0.0000000000000000e+00   0.0000000000000000e+00   0.0000000000000000e+00
   9.0944213285973027e-80   0.0000000000000000e+00  1.4482606743520256e-299   0.0000000000000000e+00  2.0600930113359566e-118   0.0000000000000000e+00   0.0000000000000000e+00  1.2150434077817724e-173   0.0000000000000000e+00   0.0000000000000000e+00   0.0000000000000000e+00   0.0000000000000000e+00
   1.1445388738644623e-01   1.2068911258027534e-01   7.8353923769501163e-02   3.9765825863932319e-02   6.1745577964350817e-02   3.7731703017827523e-02   1.2202306286083336e-01   1.5912514409942652e-01   1.4067058902059093e-01   0.0000000000000000e+00   0.0000000000000000e+00   0.0000000000000000e+00
   1.5052446340771073e-02   2.8241639161238081e-02   4.7613383991143711e-02   3.2248671089353052e-02   2.7245354727896035e-02   2.2351900144143049e-02   1.1487058211668695e-01   1.1519465040303652e-01   6.1984774022775602e-01   0.0000000000000000e+00   0.0000000000000000e+00   0.0000000000000000e+00
   1.4392045224576065e-14   9.6237569375754539e-06   4.9920172628241902e-02   1.0876928921875345e-01   1.1717150147952144e-02   4.5698334032631897e-02   1.4405757305705064e-01   8.3584333480924519e-02   4.1023372938670166e-01   0.0000000000000000e+00   0.0000000000000000e+00   0.0000000000000000e+00
   0.0000000000000000e+00   0.0000000000000000e+00   0.0000000000000000e+00   1.2178667282730649e-01   2.1868626595979831e-01   2.8713221189524707e-01   0.0000000000000000e+00   0.0000000000000000e+00   0.0000000000000000e+00   0.0000000000000000e+00   0.0000000000000000e+00   0.0000000000000000e+00
   0.0000000000000000e+00   0.0000000000000000e+00   0.0000000000000000e+00   4.0549484309385202e-02   4.6511914806713288e-02   2.5809559063558644e-02   0.0000000000000000e+00   0.0000000000000000e+00   0.0000000000000000e+00   0.0000000000000000e+00   0.0000000000000000e+00   0.0000000000000000e+00
   0.0000000000000000e+00   0.0000000000000000e+00   0.0000000000000000e+00   1.3348683204246043e-03   1.2898594074888542e-06   4.7385078066944459e-29   0.0000000000000000e+00   0.0000000000000000e+00   0.0000000000000000e+00   0.0000000000000000e+00   0.0000000000000000e+00   0.0000000000000000e+00
   5.5129247483972597e+02   5.2150656748258814e+02   3.0650558650981185e+02   5.4830524091807229e+02   5.1557828850529654e+02   3.0082003102632120e+02   5.5212205452397598e+02   5.2478940837379741e+02   3.0592763331205470e+02   5.5378835057977335e+02   5.2771637203539001e+02   3.1206057223011311e+02
   4.9792531120331951e+00   4.9792531120331951e+00   5.0138312586445366e+00   4.9792531120331951e+00   5.0138312586445366e+00   5.0484094052558781e+00   4.9792531120331951e+00   5.0484094052558781e+00   5.0484094052558781e+00   4.9100968188105121e+00   4.8409405255878291e+00   4.7372060857538036e+00
   4.3999999999999995e+00   5.4000000000000004e+00   5.4000000000000004e+00   5.0000000000000000e+00   7.3999999999999995e+00   6.4000000000000004e+00   4.5999999999999996e+00   7.3999999999999995e+00   5.8000000000000007e+00   6.0000000000000000e+00   5.0000000000000000e+00   4.5999999999999996e+00
   2.1168624298188043e-01   3.2529698460282397e-01   1.8014797647394909e-01   8.5181462525839502e-01   6.5229089249879002e-01   9.0003855309744962e-01   9.9575582131843698e-02   1.7266259878173218e-01   2.9645638611594582e-01   5.4270903729154440e-02   3.1891189986813506e-03   3.8041481195089211e-02
   9.9522551345974197e-01   5.2723795527042605e-01   3.3716979788367407e-04   9.2346553198077719e-01   7.0747945439220139e-03   7.0326691219657622e-04   8.7696396022592982e-01   1.2084754402567366e-01   7.3792717355969373e-05   3.6813426864529530e-01   5.0211939132273198e-01   2.3991233769436460e-02
